2022-05-05, 15:02:26.574890, 2400000000, 2405000000, 1000000.00, 20, -57.26, -63.28, -66.56, -63.69, -64.15
2022-05-05, 15:02:26.574890, 2410000000, 2415000000, 1000000.00, 20, -70.90, -59.02, -64.95, -66.40, -69.41
2022-05-05, 15:02:26.574890, 2405000000, 2410000000, 1000000.00, 20, -69.48, -59.84, -55.82, -59.04, -68.77
2022-05-05, 15:02:26.574890, 2415000000, 2420000000, 1000000.00, 20, -66.79, -77.56, -72.43, -80.58, -70.00
2022-05-05, 15:02:26.574890, 2420000000, 2425000000, 1000000.00, 20, -69.13, -63.82, -64.02, -68.79, -64.03
2022-05-05, 15:02:26.574890, 2430000000, 2435000000, 1000000.00, 20, -63.68, -67.49, -68.80, -58.27, -58.92
2022-05-05, 15:02:26.574890, 2425000000, 2430000000, 1000000.00, 20, -63.45, -60.18, -63.38, -78.52, -75.36
2022-05-05, 15:02:26.574890, 2435000000, 2440000000, 1000000.00, 20, -64.39, -62.06, -58.49, -58.27, -66.45
2022-05-05, 15:02:26.574890, 2440000000, 2445000000, 1000000.00, 20, -72.07, -68.83, -61.77, -60.72, -62.50
2022-05-05, 15:02:26.574890, 2450000000, 2455000000, 1000000.00, 20, -62.76, -64.66, -70.62, -61.50, -58.17
2022-05-05, 15:02:26.574890, 2445000000, 2450000000, 1000000.00, 20, -74.14, -65.32, -59.88, -58.64, -57.90
2022-05-05, 15:02:26.574890, 2455000000, 2460000000, 1000000.00, 20, -64.77, -76.18, -78.30, -65.15, -62.57
2022-05-05, 15:02:26.574890, 2460000000, 2465000000, 1000000.00, 20, -63.14, -59.42, -58.43, -70.67, -63.09
2022-05-05, 15:02:26.574890, 2470000000, 2475000000, 1000000.00, 20, -68.23, -65.98, -64.69, -61.59, -66.89
2022-05-05, 15:02:26.574890, 2465000000, 2470000000, 1000000.00, 20, -64.77, -62.10, -62.95, -64.01, -63.97
2022-05-05, 15:02:26.574890, 2475000000, 2480000000, 1000000.00, 20, -63.96, -63.42, -62.69, -63.27, -63.26
2022-05-05, 15:02:26.574890, 2480000000, 2485000000, 1000000.00, 20, -57.81, -64.29, -65.90, -61.25, -61.43
2022-05-05, 15:02:26.574890, 2490000000, 2495000000, 1000000.00, 20, -66.65, -61.51, -60.09, -71.11, -69.86
2022-05-05, 15:02:26.574890, 2485000000, 2490000000, 1000000.00, 20, -60.22, -56.93, -64.78, -84.35, -66.46
2022-05-05, 15:02:26.574890, 2495000000, 2500000000, 1000000.00, 20, -66.15, -70.20, -72.43, -77.90, -62.83
2022-05-05, 15:02:26.574890, 2500000000, 2505000000, 1000000.00, 20, -68.10, -66.62, -63.86, -66.66, -60.45
2022-05-05, 15:02:26.574890, 2510000000, 2515000000, 1000000.00, 20, -70.93, -63.76, -63.16, -75.80, -61.35
2022-05-05, 15:02:26.574890, 2505000000, 2510000000, 1000000.00, 20, -63.44, -70.59, -61.83, -57.81, -61.56
2022-05-05, 15:02:26.574890, 2515000000, 2520000000, 1000000.00, 20, -72.27, -70.12, -77.37, -72.25, -61.25
2022-05-05, 15:02:26.574890, 2520000000, 2525000000, 1000000.00, 20, -60.66, -64.43, -61.46, -61.45, -62.31
2022-05-05, 15:02:26.574890, 2530000000, 2535000000, 1000000.00, 20, -62.29, -65.79, -73.18, -78.98, -66.41
2022-05-05, 15:02:26.574890, 2525000000, 2530000000, 1000000.00, 20, -58.67, -59.13, -66.24, -70.84, -62.90
2022-05-05, 15:02:26.574890, 2535000000, 2540000000, 1000000.00, 20, -66.23, -59.18, -58.39, -58.83, -60.32
2022-05-05, 15:02:26.574890, 2540000000, 2545000000, 1000000.00, 20, -66.92, -70.20, -79.34, -67.24, -61.02
2022-05-05, 15:02:26.574890, 2550000000, 2555000000, 1000000.00, 20, -63.67, -67.13, -69.01, -63.66, -66.30
2022-05-05, 15:02:26.574890, 2545000000, 2550000000, 1000000.00, 20, -83.03, -64.65, -67.39, -72.39, -72.98
2022-05-05, 15:02:26.574890, 2555000000, 2560000000, 1000000.00, 20, -63.76, -69.18, -65.34, -70.81, -60.24
2022-05-05, 15:02:26.574890, 2560000000, 2565000000, 1000000.00, 20, -65.55, -60.35, -61.14, -63.55, -69.36
2022-05-05, 15:02:26.574890, 2570000000, 2575000000, 1000000.00, 20, -67.65, -66.21, -60.16, -60.95, -64.87
2022-05-05, 15:02:26.574890, 2565000000, 2570000000, 1000000.00, 20, -86.10, -65.01, -70.18, -68.76, -58.60
2022-05-05, 15:02:26.574890, 2575000000, 2580000000, 1000000.00, 20, -65.76, -64.36, -63.35, -65.78, -67.33
2022-05-05, 15:02:26.574890, 2580000000, 2585000000, 1000000.00, 20, -67.04, -66.50, -67.64, -64.29, -59.84
2022-05-05, 15:02:26.574890, 2590000000, 2595000000, 1000000.00, 20, -73.25, -69.57, -69.65, -59.25, -61.53
2022-05-05, 15:02:26.574890, 2585000000, 2590000000, 1000000.00, 20, -67.58, -74.59, -77.03, -66.53, -60.50
2022-05-05, 15:02:26.574890, 2595000000, 2600000000, 1000000.00, 20, -63.99, -64.67, -83.65, -83.11, -70.45
2022-05-05, 15:02:26.574890, 2600000000, 2605000000, 1000000.00, 20, -61.74, -59.82, -60.89, -77.44, -61.88
2022-05-05, 15:02:26.574890, 2610000000, 2615000000, 1000000.00, 20, -74.31, -64.26, -60.77, -64.95, -69.31
2022-05-05, 15:02:26.574890, 2605000000, 2610000000, 1000000.00, 20, -62.92, -63.18, -60.29, -58.33, -59.34
2022-05-05, 15:02:26.574890, 2615000000, 2620000000, 1000000.00, 20, -72.09, -74.11, -67.76, -78.06, -62.26
2022-05-05, 15:02:26.574890, 2620000000, 2625000000, 1000000.00, 20, -54.44, -48.11, -47.59, -56.08, -55.12
2022-05-05, 15:02:26.574890, 2630000000, 2635000000, 1000000.00, 20, -45.84, -59.00, -52.61, -49.34, -51.03
2022-05-05, 15:02:26.574890, 2625000000, 2630000000, 1000000.00, 20, -49.30, -53.23, -60.04, -51.30, -46.69
2022-05-05, 15:02:26.574890, 2635000000, 2640000000, 1000000.00, 20, -55.96, -63.60, -57.77, -55.91, -69.38
2022-05-05, 15:02:26.574890, 2640000000, 2645000000, 1000000.00, 20, -56.75, -64.31, -66.14, -66.94, -56.93
2022-05-05, 15:02:26.574890, 2650000000, 2655000000, 1000000.00, 20, -58.03, -59.24, -62.45, -61.14, -58.73
2022-05-05, 15:02:26.574890, 2645000000, 2650000000, 1000000.00, 20, -56.39, -51.10, -51.44, -50.04, -51.55
2022-05-05, 15:02:26.574890, 2655000000, 2660000000, 1000000.00, 20, -68.74, -62.91, -58.52, -60.18, -65.79
2022-05-05, 15:02:26.574890, 2660000000, 2665000000, 1000000.00, 20, -58.63, -57.76, -54.07, -54.66, -58.46
2022-05-05, 15:02:26.574890, 2670000000, 2675000000, 1000000.00, 20, -70.87, -64.02, -59.40, -62.39, -72.03
2022-05-05, 15:02:26.574890, 2665000000, 2670000000, 1000000.00, 20, -59.68, -57.88, -60.12, -59.71, -68.91
2022-05-05, 15:02:26.574890, 2675000000, 2680000000, 1000000.00, 20, -60.87, -64.29, -74.98, -77.04, -84.77
2022-05-05, 15:02:26.574890, 2680000000, 2685000000, 1000000.00, 20, -70.07, -71.23, -66.74, -61.17, -60.13
2022-05-05, 15:02:26.574890, 2690000000, 2695000000, 1000000.00, 20, -73.96, -66.55, -64.74, -63.13, -61.31
2022-05-05, 15:02:26.574890, 2685000000, 2690000000, 1000000.00, 20, -56.05, -58.46, -72.53, -71.79, -65.86
2022-05-05, 15:02:26.574890, 2695000000, 2700000000, 1000000.00, 20, -72.76, -61.79, -73.76, -62.03, -59.02
